30 3
1 2
239

1 2 5
3 4 5
5 5 5

4 2 6
1 3 6
6 6 6

1 2 7
2 1 7
7 7 7

1 2 8
3 4 8
8 8 8

4 2 9
1 3 9
9 9 9

1 2 10
10 10 10
2 1 10

1 2 15
3 4 15
15 15 15

4 2 18
1 3 18
18 18 18

1 2 20
2 1 20
20 20 20

1 2 40 
3 4 40
40 40 40

4 2 50
1 3 50
50 50 50

1 2 10
10 10 10
2 1 8

1 2 7
3 4 7
7 7 7

4 2 5
1 3 5
5 5 5

4 2 50
1 3 50
50 50 50

1 2 10
10 10 10
2 1 8

1 2 7
3 4 7
7 7 7

4 2 5
1 3 5
5 5 5

1 2 10
10 10 10
2 1 8

1 2 7
3 4 7
7 7 7

4 2 5
1 3 5
5 5 5

4 2 50
1 3 50
50 50 50

1 2 10
10 10 10
2 1 8

1 2 5
3 4 5
5 5 5

4 2 6
1 3 6
6 6 6

1 2 7
2 1 7
7 7 7

1 2 8
3 4 8
8 8 8

4 2 9
1 3 9
9 9 9

4 2 6
1 3 6
6 6 6

1 2 8
2 1 8
8 8 8


